# left running between session 2 (13 Oct 2020) and session 3 (15 Oct 2020)
# interval trigger, falling edge, between 2ns-7us, trigger -53mV
# untouched PMT voltage calibration
Event     Delta Time    Absolute Time   min  max trigger pulse size
    0         0.1829   1602605273.9730   27   29     0  19970
    1        32.4746   1602605306.2646 -119   29     0  17824
    2        33.3245   1602605307.1145 -124   29     0  18084
    3        74.7817   1602605348.5717  -98   29     0  17868
    4        91.0632   1602605364.8533  -60   30     0  19330
    5       108.5420   1602605382.3321  -71   29     0  18666
    6       112.8718   1602605386.6618  -39   29     0  18801
    7       116.5815   1602605390.3716  -25   29     0  19609
    8       126.1637   1602605399.9538 -117   29     0  17905
    9       128.2336   1602605402.0237  -94   29     0  18361
   10       143.2921   1602605417.0821  -10   29     0  19777
   11       167.2911   1602605441.0812  -14   29     0  19675
   12       177.0705   1602605450.8606   -5   30     0  19834
   13       179.5504   1602605453.3404   -2   29     0  19820
   14       228.0486   1602605501.8387  -25   29     0  19572
   15       313.6960   1602605587.4861  -33   29     0  19175
   16       316.3758   1602605590.1658  -29   29     0  19143
   17       320.8855   1602605594.6756  -91   29     0  18092
   18       327.4151   1602605601.2052  -27   30     0  19610
   19       329.6950   1602605603.4851 -106   30     0  17839
   20       333.5874   1602605607.3774  -31   29     0  19714
   21       358.9663   1602605632.7564 -100   30     0  18055
   22       373.6100   1602605647.4001  -80   29     0  19226
   23       438.7844   1602605712.5745 -102   29     0  18584