  26  25  25  25  25  25  25  26  26  26  26  25  26  27  27  26  26  26
  26  26  25  25  26  27  26  25  26  26  26  25  26  26  26  26  26  25
  26  26  26  26  26  25  26  26  25  25  25  26  26  26  26  26  26  26
  26  25  25  26  26  26  26  26  25  26  26  25  25  26  26  26  26  26
  26  26  25  25  25  25  26  26  26  25  26  26  26  26  26  26  26  26
  26  25  26  26  26  26  26  25  26  26  26  26  26  26  26  26  26  26
  26  26  26  25  25  25  25  25  25  25  26  26  26  25  25  26  26  26
  26  25  25  26  26  26  26  26  26  26  26  26  26  25  26  26  26  25
  25  25  26  26  26  25  26  26  26  25  26  26  26  26  26  25  25  26
  26  26  26  25  25  25  25  25  25  25  25  25  26  26  26  26  26  26
  26  26  26  26  26  26  25  26  26  26  26  26  26  26  26  26  26  26
  26  26  26  26  26  26  25  25  25  26  26  26  25  25  26  26  26  25
  26  26  26  26  26  26  26  25  25  25  25  26  26  26  26  26  26  26
  26  26  26  26  26  25  25  26  26  25  25  25  25  25  25  25  26  26
  26  25  25  25  26  26  26  26  26  25  25  25  26  26  25  25  26  26
  26  25  25  26  26  25  26  26  26  26  26  26  26  26  27  27  26  26
  26  26  26  25  26  26  25  25  26  26  26  25  25  26  26  26  25  25
  25  25  25  26  26  26  26  26  25  25  26  27  26  26  26  26  26  26
  26  26  26  26  26  26  26  26  26  27  26  25  25  26  26  26  26  25
  26  26  26  26  26  25  26  26  26  26  26  26  26  25  25  25  26  26
  26  26  26  26  26  26  25  25  26  26  26  26  25  26  26  26  25  25
  26  27  26  25  26  26  26  26  25  26  26  26  26  25  25  26  26  25
  26  26  26  26  26  26  26  26  26  26  26  26  26  26  26  26  26  26
  26  25  25  26  26  26  26  25  26  26  26  26  26  27  26  26  26  26
  25  25  25  26  26  26  26  26  25  25  26  26  25  26  26  26  26  26
  25  25  26  26  26  26  26  26  26  26  26  26  26  26  26  26  25  25
  26  26  26  26  26  26  26  26  26  26  26  26  26  25  25  26  26  26
  26  26  26  26  26  26  26  25  25  26  27  27  26  25  26  26  26  26
  26  26  25  25  26  26  26  25  25  26  26  26  25  25  26  26  26  26
  26  26  26  26  26  26  26  26  25  26  26  26  25  25  26  27  27  26
  26  26  26  26  26  26  26  25  25  25  25  26  26  26  25  25  26  26
  26  25  26  26  25  26  26  26  26  26  26  26  26  26  26  26  25  25
  26  27  26  26  26  25  26  26  26  25  25  26  26  25  25  25  26  26
  26  26  26  26  25  25  26  26  26  26  26  26  26  26  26  26  25  25
  25  25  26  26  26  25  26  27  27  26  26  25  25  26  26  26  26  26
  26  26  26  26  26  26  26  26  26  26  26  26  26  26  26  26  26  26
  26  26  26  26  25  25  26  26  26  26  27  27  26  26  26  26  26  27
  27  26  26  26  26  26  26  26  25  25  26  26  26  26  26  26  26  25
  26  26  26  26  26  26  26  26  26  26  26  25  25  26  26  26  27  27
  26  26  26  26  27  27  27  26  26  26  26  25  26  27  25  25  25  26
  26  26  26  26  26  26  27  27  26  25  26  26  26  26  26  26  26  26
  26  26  26  25  25  26  26  26  26  26  26  26  26  26  26  27  27  26
  26  25  25  25  26  26  26  26  26  27  27  26  26  25  25  25  25  26
  26  26  25  25  26  26  26  25  26  26  25  26  26  26  26  26  26  26
  26  26  26  25  25  26  26  26  26  26  26  26  26  26  26  25  26  26
  26  25  26  26  25  26  26  26  26  25  25  26  26  26  26  25  25  25
  25  26  26  26  26  26  26  26  25  26  26  26  26  25  25  26  26  26
  26  26  26  26  26  25  25  25  25  26  26  26  26  25  25  26  26  26
  26  26  26  26  26  26  25  26  26  26  26  26  26  26  26  25  25  25
  25  25  25  25  25  25  25  25  26  26  26  25  25  25  25  25  26  26
  26  26  26  26  26  26  26  26  27  27  27  26  26  26  26  26  26  26
  26  25  25  26  26  26  26  25  26  26  26  26  26  26  26  26  25  25
  25  26  26  26  26  25  26  26  26  26  25  25  26  26  26  26  26  25
  25  25  26  27  27  26  26  25  25  26  26  26  26  26  26  26  26  26
  25  26  26  26  26  26  27  27  26  25  25  25  26  26  26  25  25  26
  26  26  25  25  26  27  26  26  26  26  26  26  26  27  27  26  26  26
  26  26  26  26  26  25  25  25  25  25  26  26  26  26  26  25  25  26
  26  26  26  25  26  26  26  25  25  26  26  26  26  26  26  26  26  26
  26  26  26  25  25  26  26  26  25  25  26  26  26  25  25  25  26  26
  25  26  26  25  26  26  26  26  26  25  25  25  26  26  26  26  26  25
  26  26  26  26  26  25  26  26  25  25  26  26  26  25  25  25  25  25
  25  26  26  26  25  25  26  26  26  25  26  26  26  25  25  26  26  26
  26  25  25  26  26  26  26  26  26  26  26  27  26  26  26  26  26  26
  25  25  25  25  25  26  26  25  25  26  26  25  26  26  26  25  26  26
  26  26  25  25  26  26  26  26  26  26  26  27  26  26  26  26  25  25
  26  26  25  25  26  26  26  26  26  26  26  26  26  26  26  26  25  25
  26  26  26  25  25  25  25  26  26  26  25  26  26  26  26  26  26  26
  26  26  26  26  26  26  26  26  27  27  26  26  26  25  25  26  26  26
  25  25  25  25  26  26  26  26  25  25  26  26  26  26  26  26  26  26
  26  25  25  25  25  26  26  26  26  26  26  26  26  26  26  26  26  25
  25  25  25  25  26  26  25  26  26  26  26  26  26  25  25  25  26  26
  26  26  26  26  26  25  25  26  26  26  26  26  26  26  26  26  25  26
  26  26  25  25  26  26  26  26  26  26  26  26  26  25  26  26  26  26
  26  26  26  26  26  26  26  25  26  26  26  26  26  26  26  26  26  26
  26  26  26  26  26  26  25  25  26  26  26  26  26  25  25  26  26  26
  26  26  26  25  26  26  26  25  25  26  27  27  26  26  25  25  26  26
  26  26  26  26  26  25  25  26  26  25  26  26  26  25  25  25  25  25
  26  26  26  25  26  26  25  25  26  26  26  25  25  26  26  26  26  26
  26  26  26  26  26  25  26  26  26  25  26  26  26  26  25  25  26  26
  26  26  26  26  25  25  25  25  26  26  25  25  26  26  25  25  26  26
  26  26  26  26  26  26  26  26  26  26  26  25  26  26  26  26  26  26
  26  26  25  25  26  26  26  26  26  26  26  26  26  25  25  26  26  26
  26  26  25  25  26  26  26  26  25  25  25  25  25  25  26  26  26  25
  25  25  25  25  26  26  26  25  26  26  25  26  26  26  25  26  26  26
  25  26  26  26  26  25  25  26  26  26  25  26  27  27  27  26  26  26
  26  26  26  26  26  26  26  26  26  25  25  25  26  26  26  25  26  26
  26  26  25  26  26  26  25  25  26  26  26  26  26  26  26  26  25  25
  26  26  25  25  26  26  26  26  26  26  27  27  26  26  26  27  27  26
  26  26  26  26  26  25  25  25  26  26  25  25  26  26  26  25  25  25
  26  26  26  26  26  26  26  26  26  26  26  26  25  25  26  26  26  25
  26  26  26  25  26  26  26  26  26  26  26  26  26  26  26  26  26  26
  26  26  27  26  25  26  26  26  26  26  26  26  26  26  26  26  25  25
  26  26  25  25  26  26  25  25  26  26  26  26  26  25  26  26  26  25
  25  25  26  26  26  26  26  26  26  25  26  26  26  25  26  26  26  26
  26  26  26  26  26  25  26  26  26  26  26  25  25  25  25  26  26  26
  26  26  25  25  26  26  25  25  26  26  26  26  26  25  25  26  26  26
  26  26  26  26  26  26  25  26  26  25  26  26  26  26  26  26  26  26
  25  25  26  26  25  25  26  26  26  25  26  26  26  26  26  25  26  26
  26  25  25  26  26  26  26  26  26  27  26  25  26  26  25  26  26  26
  26  26  26  25  26  26  26  26  26  25  25  25  25  26  26  26  26  26
  26  26  26  26  25  26  26  26  26  26  26  25  26  26  26  26  25  25
  26  26  26  25  26  26  26  26  26  25  25  25  26  26  26  26  26  26
  26  26  25  25  26  26  26  25  25  25  25  26  26  26  26  27  26  25
  26  26  25  26  26  26  26  25  25  25  26  27  26  26  26  26  26  26
  26  25  25  25  26  26  25  25  26  26  26  27  26  26  26  26  26  25
  26  26  26  26  26  26  27  27  26  26  26  26  26  26  26  26  26  26
  26  26  25  26  26  26  25  25  26  26  26  25  25  26  26  26  25  25
  26  26  26  26  26  26  26  26  25  26  27  26  25  26  27  26  26  25
  26  27  27  27  26  25  26  26  26  26  26  26  26  26  26  26  25  25
  26  26  26  25  25  26  26  26  26  26  26  26  26  26  26  25  26  26
  26  25  25  26  26  26  25  25  26  26  26  26  25  25  26  26  26  26
  25  25  25  25  26  26  26  25  26  26  26  26  26  26  26  26  26  25
  26  27  26  26  26  26  26  25  26  26  27  27  26  25  25  25  25  26
  26  26  26  25  26  26  26  25  25  26  26  26  26  25  26  26  26  26
  26  26  26  26  27  27  27  26  26  26  26  26  26  26  26  26  26  26
  26  25  25  26  26  26  26  26  26  25  25  26  26  25  25  25  26  26
  26  25  25  26  26  26  26  26  26  25  26  26  25  25  26  26  25  25
  25  25  25  25  25  26  26  26  26  26  25  26  26  26  26  26  26  26
  26  26  26  26  26  25  25  26  26  26  26  26  26  25  25  26  26  26
  25  25  25  26  26  26  25  25  25  26  26  26  25  26  26  26  26  26
  26  27  26  26  26  25  25  26  26  26  26  26  26  26  26  26  26  26
  25  26  26  25  26  26  26  25  26  26  26  26  26  25  25  26  26  26
  26  26  26  26  26  26  26  26  26  26  26  26  26  26  26  25  25  26
  27  27  27  26  26  26  26  26  26  25  26  26  26  25  25  26  26  25
  26  26  26  26  26  26  26  25  26  26  26  26  26  25  25  25  26  26
  26  26  26  26  26  26  26  26  26  26  26  26  26  25  26  26  26  26
  26  26  26  26  26  26  26  26  26  26  26  26  26  26  26  25  25  26
  26  25  25  25  26  27  26  25  26  26  26  26  26  26  26  26  26  26
  26  27  26  26  26  26  26  26  25  25  26  26  27  27  26  25  26  26
  26  25  25  26  26  26  25  25  26  26  26  26  26  26  26  26  25  25
  26  27  27  26  26  26  26  26  26  25  25  25  25  25  26  26  26  25
  26  26  25  25  26  26  26  26  25  26  26  26  25  26  26  26  26  26
  26  27  26  25  25  26  26  25  25  25  25  25  25  25  26  26  25  25
  26  26  26  25  26  26  26  26  26  25  25  25  26  26  26  25  26  26
  26  25  25  26  26  26  26  26  25  25  25  25  25  26  26  26  26  25
  25  25  25  26  26  26  26  25  26  26  26  26  25  25  26  26  26  26
  26  26  25  25  26  26  26  25  26  26  26  25  26  26  26  26  26  26
  27  27  26  26  26  25  25  25  26  26  26  26  26  26  25  25  26  26
  25  25  26  26  26  25  25  26  26  26  25  25  26  26  26  26  26  26
  26  26  25  25  26  26  25  25  26  26  25  25  26  26  26  26  25  25
  26  26  26  25  26  26  25  26  26  25  26  26  26  26  25  26  26  26
  26  25  25  26  26  26  26  26  26  26  26  26  26  26  25  26  26  26
  26  26  26  26  26  26  26  25  25  26  26  26  25  25  26  26  25  25
  26  26  26  25  25  25  25  25  26  26  25  25  26  26  26  25  26  26
  26  26  25  25  25  25  25  25  25  25  25  25  25  26  26  26  25  25
  26  27  26  25  26  26  26  26  26  26  26  26  26  26  26  26  25  25
  26  26  26  26  26  26  25  25  26  27  26  25  26  26  26  26  26  25
  25  26  26  26  26  26  26  26  26  26  26  26  26  26  26  26  26  25
  26  26  25  25  26  26  26  25  25  26  26  26  25  26  26  26  25  25
  25  26  26  26  26  26  26  26  26  26  27  27  26  26  27  27  27  26
  26  26  26  26  26  25  25  26  26  26  26  26  26  26  26  26  26  25
  25  26  26  26  26  25  25  26  26  26  26  25  25  25  25  25  25  26
  26  26  26  26  26  26  26  26  25  25  25  25  25  25  25  26  26  26
  26  26  26  26  26  27  27  26  26  26  27  27  26  26  26  26  26  26
  26  26  26  26  26  25  25  26  26  26  26  26  26  26  26  26  25  25
  25  25  25  25  26  26  26  26  25  26  26  26  25  25  25  26  26  25
  25  25  26  26  26  25  25  25  26  26  26  26  26  26  26  26  25  26
  26  26  26  25  25  26  26  26  26  26  26  26  26  26  26  25  25  25
  26  26  26  26  25  25  26  26  26  25  26  26  26  25  26  26  26  26
  25  25  26  26  26  25  26  26  26  26  26  26  26  26  26  25  26  26
  25  25  26  26  25  25  25  26  26  26  25  25  25  26  26  26  26  25
  25  25  25  26  26  26  25  25  26  27  26  25  25  26  26  26  26  26
  26  26  26  26  25  26  26  26  25  26  26  26  26  25  25  25  26  26
  26  25  26  26  26  25  25  26  26  26  25  26  26  26  25  25  25  25
  26  26  26  26  26  26  26  26  26  25  26  26  26  26  26  26  26  25
  25  25  25  26  26  26  26  26  26  26  26  26  26  26  26  26  26  26
  26  26  26  26  26  25  26  26  26  25  26  26  26  26  26  26  25  25
  27  27  25  25  25  26  26  26  25  25  26  26  26  25  25  26  26  26
  26  26  26  26  26  26  26  25  26  26  26  27  27  26  26  25  26  26
  26  26  26  26  26  26  26  26  26  26  26  26  26  26  26  26  26  26
  26  25  25  26  26  26  26  26  26  26  25  25  25  25  25  25  25  26
  26  26  26  25  25  26  26  26  25  26  26  26  26  26  27  27  27  26
  26  26  26  26  25  25  26  26  25  26  26  26  26  25  25  25  25  25
  26  26  26  25  25  26  26  25  25  26  26  26  25  26  26  25  26  26
  26  26  26  26  25  26  26  26  25  25  25  25  25  25  26  26  26  26
  26  26  26  26  26  26  25  26  26  26  26  25  26  27  26  25  25  26
  26  25  26  26  26  26  26  26  26  26  26  26  25  25  26  26  26  26
  26  26  26  26  26  25  26  26  25  26  26  26  26  26  26  26  26  26
  25  25  25  25  26  26  25  25  26  26  26  25  25  25  26  26  25  25
  26  26  25  25  26  26  26  25  26  26  26  26  26  25  26  26  26  25
  25  25  26  26  26  25  26  26  26  26  25  25  25  25  25  26  26  26
  26  26  26  26  26  26  26  26  26  26  25  25  26  26  26  26  26  25
  25  26  26  26  26  26  26  25  25  26  26  26  26  25  25  26  26  26
  26  25  26  26  26  26  26  25  26  26  26  26  26  26  26  26  25  25
  26  26  26  26  25  25  26  26  26  26  26  25  25  26  26  26  26  26
  26  26  26  26  26  26  26  26  26  26  25  26  26  26  25  25  26  26
  26  26  26  26  27  27  26  26  26  26  26  26  26  26  26  25  26  26
  26  25  25  25  25  25  25  25  26  26  26  25  25  26  26  26  26  26
  26  27  26  26  26  26  26  26  26  26  26  25  26  27  26  25  25  25
  26  26  25  26  26  25  25  26  26  25  25  25  26  26  26  26  26  26
  25  25  25  25  25  25  25  25  26  26  26  25  25  26  26  25  25  25
  26  26  26  25  26  26  26  25  25  26  26  26  26  27  26  26  26  25
  26  26  26  25  25  25  26  26  26  25  26  26  26  26  26  26  26  25
  25  26  26  26  26  26  26  26  26  25  25  26  26  26  26  25  26  26
  26  26  26  25  25  26  26  25  25  25  26  26  26  25  26  26  26  26
  25  25  26  26  26  26  25  25  25  26  26  25  25  25  26  26  26  25
  25  26  26  26  26  25  26  26  26  26  26  25  26  26  26  26  26  25
  25  26  26  26  26  26  26  26  26  25  25  26  26  26  26  25  25  25
  25  25  26  27  26  25  25  26  27  27  27  26  26  27  27  26  26  26
  25  25  26  27  26  26  26  26  26  25  25  25  26  26  26  25  25  26
  26  26  26  26  26  26  26  26  25  25  25  25  26  26  26  26  26  26
  25  25  25  25  25  25  26  26  26  26  26  25  25  25  25  25  26  26
  26  26  26  26  26  27  26  27  27  26  26  26  26  27  26  26  26  26
  26  26  26  26  26  25  25  25  25  25  25  25  26  26  25  25  26  26
  26  26  26  26  26  26  26  26  26  26  26  26  26  26  26  26  25  26
  26  26  25  25  25  25  25  26  26  26  25  25  25  25  26  26  26  26
  26  25  25  26  26  26  25  26  26  25  26  26  26  25  26  26  26  26
  26  26  26  26  26  26  26  26  26  25  25  26  26  26  26  25  26  26
  26  26  26  26  25  26  26  26  25  25  26  26  26  25  26  26  26  26
  25  25  26  26  26  25  26  26  26  25  26  26  26  26  26  25  25  25
  25  25  25  26  26  26  25  25  26  27  27  26  26  26  26  26  25  25
  25  26  26  26  26  26  26  26  26  26  26  26  26  25  26  26  26  25
  26  26  25  26  26  25  25  26  26  26  26  25  25  26  26  26  26  26
  27  27  27  27  26  26  26  26  26  26  26  25  25  26  26  26  26  26
  26  26  26  26  26  26  26  26  25  25  26  26  26  25  26  26  26  26
  25  25  25  26  26  25  26  26  26  26  26  26  26  27  26  25  25  26
  26  26  26  26  26  26  26  26  26  26  26  26  26  25  25  25  26  26
  26  26  26  26  26  25  25  25  25  25  25  25  26  26  26  26  26  27
  26  25  25  25  26  27  26  25  26  26  26  26  25  25  25  25  26  27
  27  26  26  26  25  25  26  26  26  26  26  27  26  25  25  26  26  26
  26  26  26  26  26  27  26  26  26  26  26  26  26  26  26  26  26  26
  26  26  25  26  26  26  25  25  26  26  25  25  26  26  25  25  26  27
  26  26  26  25  25  25  26  27  26  25  26  26  26  26  26  25  26  26
  26  26  26  25  26  26  26  26  26  26  25  26  26  26  25  25  25  26
  26  26  26  26  26  26  26  26  26  26  25  25  25  26  26  26  25  25
  26  26  26  26  26  26  26  26  25  25  26  26  26  26  26  26  26  26
  26  26  26  26  26  26  26  26  25  26  26  26  26  26  26  26  26  26
  26  25  26  26  25  26  27  27  26  25  25  26  26  26  25  25  26  26
  26  26  26  26  27  27  26  25  26  26  26  25  25  25  26  26  26  25
  25  26  26  26  25  25  26  26  26  26  26  26  26  26  26  26  26  25
  25  26  26  25  26  26  25  25  26  26  25  26  27  26  25  25  25  25
  25  26  26  26  26  25  26  26  26  26  26  26  25  25  26  26  26  26
  26  25  25  26  26  26  26  26  26  26  25  26  26  25  25  26  26  26
  26  27  26  26  26  26  26  26  25  26  26  26  26  25  26  26  26  26
  26  26  26  25  26  26  26  25  25  25  26  26  26  26  26  26  25  25
  25  25  25  25  26  26  26  26  26  26  26  26  26  27  26  25  26  26
  25  25  26  26  26  26  25  25  26  27  26  25  25  25  25  26  26  26
  25  25  26  26  25  25  26  27  26  26  26  26  26  26  26  25  26  26
  26  26  26  26  26  26  26  26  26  26  26  26  25  26  26  26  26  25
  25  26  26  26  25  25  26  26  26  25  26  26  26  25  25  25  25  26
  26  26  26  26  26  26  25  26  26  26  25  25  26  26  26  26  26  26
  26  25  25  25  26  26  26  26  26  26  26  26  26  26  26  25  25  25
  26  27  26  26  26  26  26  25  25  26  26  26  26  26  25  25  26  26
  25  26  26  26  26  26  26  26  25  26  26  25  26  26  26  26  25  25
  26  26  26  25  25  26  26  26  26  26  25  25  26  26  26  25  25  26
  26  26  25  25  25  26  26  26  26  25  25  25  26  26  26  26  26  26
  26  26  26  25  25  25  25  25  25  25  26  26  26  26  26  26  26  25
  26  26  25  26  26  26  26  26  25  25  26  26  26  26  26  26  26  26
  26  26  26  26  26  26  26  25  25  26  26  27  26  25  25  26  26  26
  25  25  26  26  26  26  26  26  26  26  26  26  26  25  25  26  26  25
  25  25  25  26  26  25  26  27  27  27  26  25  26  26  26  26  25  26
  26  26  26  26  25  25  26  26  26  25  26  26  25  26  26  25  26  26
  26  26  26  26  26  26  26  26  26  26  26  26  26  26  25  26  26  25
  25  25  26  26  26  25  25  25  25  25  25  26  26  26  25  25  25  25
  25  25  26  26  26  25  26  26  26  26  26  25  26  27  27  26  26  26
  26  26  26  26  25  25  26  26  26  26  26  26  26  26  26  26  26  26
  26  26  26  25  26  26  26  26  26  26  25  25  26  26  25  25  26  26
  26  26  26  26  26  25  26  27  27  26  26  26  26  26  26  25  26  26
  26  26  26  26  26  26  26  26  26  26  26  26  26  26  26  26  26  26
  26  26  26  26  25  25  26  26  26  25  25  26  26  26  26  26  26  26
  25  26  26  26  26  25  26  26  26  26  26  25  26  26  26  26  26  25
  25  25  25  26  26  26  25  25  26  26  26  25  26  26  26  26  26  27
  26  26  26  26  26  26  26  25  25  26  26  26  26  25  26  26  26  26
  25  25  26  26  26  26  26  25  25  25  26  26  26  26  25  25  25  25
  26  26  26  26  26  26  26  26  26  25  25  26  26  26  26  25  25  26
  26  26  26  26  26  26  25  26  26  26  25  25  26  26  26  25  25  26
  26  25  25  26  26  26  26  26  25  26  26  26  25  25  26  26  26  26
  25  26  26  26  26  26  25  25  25  26  26  26  26  26  26  26  26  26
  26  25  25  25  26  26  25  25  25  25  26  26  26  26  26  26  26  26
  26  26  26  26  26  25  26  26  26  26  26  26  26  26  26  26  26  26
  26  25  25  25  25  25  25  25  25  26  26  26  26  27  26  26  26  25
  26  26  26  26  26  26  27  26  25  26  26  26  26  26  26  26  26  26
  25  25  25  26  26  26  26  26  26  26  26  25  25  26  26  26  26  26
  25  25  26  26  26  25  25  26  26  26  25  26  26  25  25  25  26  26
  26  26  25  25  26  26  26  26  26  26  26  26  26  26  26  26  26  25
  26  26  25  25  25  25  25  26  26  26  25  25  25  26  26  26  26  26
  26  26  26  26  26  25  26  26  26  25  25  25  26  26  25  26  27  26
  26  26  26  26  26  26  26  25  26  26  25  25  26  26  25  25  25  25
  25  25  25  25  25  25  25  25  25  26  26  26  26  26  26  26  26  26
  26  26  26  25  25  26  26  26  26  26  26  26  27  27  26  26  26  26
  25  25  26  26  26  25  25  26  26  26  26  26  25  26  26  26  26  26
  26  26  26  26  25  25  25  25  26  26  26  26  26  26  26  25  26  26
  26  26  25  25  25  25  26  26  26  26  26  26  26  26  26  26  26  26
  26  25  25  25  26  26  25  25  25  25  25  25  26  26  26  25  25  25
  26  26  26  26  26  25  26  25  26  27  26  25  25  25  25  25  26  26
  26  26  26  26  25  25  26  26  27  27  26  25  26  26  26  25  25  25
  25  26  26  26  25  26  26  26  26  26  26  26  26  26  26  25  26  26
  25  26  26  26  26  26  26  26  26  25  25  25  26  26  26  26  26  26
  25  26  26  26  26  25  26  26  26  25  25  26  26  26  25  25  25  26
  26  26  26  25  26  26  26  26  26  25  26  26  26  26  26  26  26  26
  26  26  26  26  26  26  26  27  26  26  26  26  26  25  26  26  25  26
  26  26  26  26  25  25  26  26  26  26  26  26  26  26  26  26  26  25
  26  26  26  26  26  26  25  26  26  26  26  26  26  26  26  26  26  25
  26  26  26  26  26  26  26  26  26  26  25  25  26  26  26  26  25  25
  25  25  26  27  26  25  26  26  26  26  26  26  26  26  26  26  26  25
  26  26  26  25  26  26  26  26  26  26  26  26  26  26  26  26  26  26
  26  26  26  26  26  26  26  26  26  26  26  26  26  26  25  25  26  26
  26  25  26  26  26  26  26  25  25  25  26  26  25  26  26  26  26  26
  26  26  26  26  26  26  26  26  26  26  26  26  26  25  25  26  26  25
  25  26  26  26  26  25  25  25  25  25  25  25  26  26  25  25  26  26
  26  26  26  25  26  26  25  26  26  26  26  26  26  26  26  26  26  26
  26  26  26  26  26  26  26  26  26  25  25  26  26  26  26  26  26  26
  27  27  27  27  27  26  26  25  26  27  27  26  26  25  26  26  26  25
  26  26  26  26  26  26  26  25  25  26  26  26  26  26  26  26  25  25
  26  26  26  26  26  25  25  26  26  26  26  25  25  25  26  26  26  26
  26  27  27  26  26  25  25  26  26  26  25  25  26  26  26  25  26  26
  26  25  25  26  26  26  26  26  26  26  26  26  26  25  25  25  25  26
  26  25  25  26  26  26  26  26  26  26  26  25  26  26  26  26  26  26
  26  26  26  27  27  26  26  26  26  26  26  26  26  26  26  26  26  26
  26  25  25  25  26  26  26  25  26  26  26  25  26  26  26  26  26  26
  25  25  25  26  26  26  26  26  26  26  26  25  26  26  26  25  25  25
  26  26  26  25  26  26  26  26  26  26  26  26  26  25  26  26  26  26
  26  25  25  25  25  25  25  26  26  26  26  26  25  26  26  26  26  25
  25  26  26  26  26  26  26  26  26  26  26  26  26  26  26  25  26  26
  26  25  26  26  26  26  26  26  25  25  25  25  26  26  26  26  25  26
  26  26  25  25  26  26  25  26  26  26  25  25  26  27  26  25  25  26
  26  26  26  26  26  26  26  26  26  26  26  25  26  26  26  26  26  26
  25  25  25  25  26  27  26  26  26  25  26  26  26  26  26  26  25  25
  25  25  20   5 -12 -21 -18 -11  -6  -2   3   8  11  14  17  19  20  20
  21  23  23  23  23  23  24  25  25  24  24  24  24  25  25  25  25  26
  26  26  26  26  26  26  25  25  25  25  25  25  25  25  25  25  25  25
  25  25  25  25  26  26  25  25  25  25  25  25  25  25  26  26  26  25
  25  26  26  26  26  26  26  26  26  26  26  26  26  27  26  26  27  27
  26  26  26  26  26  25  25  25  26  26  26  25  26  26  25  25  26  26
  25  25  26  27  26  25  25  26  27  27  27  26  26  26  26  26  25  26
  26  26  25  25  26  26  26  26  26  27  27  27  27  26  26  26  26  26
  26  26  26  26  26  26  26  26  26  25  26  26  26  26  26  27  27  26
  25  25  26  26  26  26  26  26  26  26  26  26  26  26  26  26  26  26
  26  26  26  26  26  26  26  26  26  26  26  26  26  26  26  26  25  26
  26  26  26  26  26  27  26  26  26  26  26  25  26  26  26  26  27  27
  26  26  26  26  26  26  26  26  26  26  26  27  26  26  26  27  27  26
  26  26  27  27  27  26  26  26  26  26  26  25  26  27  27  26  26  25
  26  26  26  26  26  25  26  26  26  26  25  25  25  25  26  26  26  26
  27  27  27  26  26  26  26  26  26  25  25  26  26  26  26  26  26  25
  26  26  27  27  27  26  26  26  26  26  26  26  26  27  27  26  26  25
  25  25  26  26  26  26  27  27  26  26  26  26  26  26  27  27  27  26
  27  27  26  26  26  26  26  26  26  26  25  25  26  27  27  26  26  26
  26  26  26  26  26  25  25  26  26  26  26  25  25  25  26  26  27  27
  27  26  25  25  26  26  26  26  25  26  26  26  26  25  25  25  26  26
  26  27  27  26  26  26  26  25  26  26  26  26  25  25  26  27  26  26
  26  26  27  27  27  27  26  26  26  27  27  27  26  25  25  25  26  26
  26  25  26  26  26  25  26  26  25  25  26  26  27  27  27  26  27  27
  26  25  26  26  26  26  26  26  26  26  26  26  26  26  26  26  27  27
  27  26  27  27  27  26  26  26  26  25  26  26  26  26  26  26  25  25
  26  26  25  25  26  26  25  25  26  26  27  27  26  27  27  26  26  25
  26  26  26  26  26  26  27  27  26  26  26  26  26  26  26  26  26  25
  26  26  26  26  26  26  26  26  26  25  26  26  26  26  26  26  26  26
  25  26  26  26  26  26  26  27  26  26  26  26  26  25  26  26  26  26
  26  25  26  27  26  25  25  25  25  25  26  26  26  26  26  26  26  26
  26  26  26  26  27  27  27  26  26  26  27  27  27  26  27  27  27  26
  26  26  26  26  26  26  27  27  27  27  26  25  26  27  27  27  26  27
  27  26  26  26  26  26  27  27  27  26  26  26  26  26  27  27  27  26
  27  27  26  26  27  27  26  25  26  26  26  26  26  26  26  26  25  25
  26  27  27  26  26  26  25  20   8 -12 -30 -36 -31 -21 -13  -7   0   5
   8  12  17  19  20  19  20  22  23  23  24  24  23  24  25  25  25  25
  25  25  25  26  25  25  26  25  25  25  25  26  26  26  26  25  25  26
  26  25  25  25  25  25  26  26  26  26  26  26  26  25  26  26  26  26
  27  27  26  26  26  26  26  26  26  26  26  26  26  26  27  27  27  26
  27  27  26  26  26  26  25  26  26  26  26  26  26  26  26  26  26  26
  26  26  26  26  26  26  26  26  27  27  27  27  26  27  27  27  27  26
  26  27  27  27  26  26  26  25  26  26  26  26  26  26  27  27  26  27
  27  26  26  26  26  27  27  27  26  26  26  26  26  26  26  26  26  27
  27  26  26  27  27  27  26  26  26  27  27  26  26  26  26  26  26  26
  26  26  26  26  26  26  26  26  26  26  26  26  26  26  26  26  27  27
  27  26  26  26  26  26  27  27  27  26  26  26  27  27  26  26  26  27
  27  27  27  26  26  26  26  27  27  27  27  26  25  25  26  27  27  26
  26  26  26  26  26  26  26  26  26  27  27  27  27  26  25  25  26  27
  27  27  26  26  26  27  27  26  26  26  26  26  26  26  26  26  26  26
  26  26  27  27  26  25  26  26  26  26  26  26  26  26  26  26  26  26
  27  27  26  25  25  25  26  27  26  26  26  27  27  26  26  26  27  27
  27  26  26  26  27  27  26  27  27  27  27  26  26  26  26  26  26  26
  26  25  26  26  26  26  25  25  25  25  25  26  26  26  26  26  25  26
  26  25  26  26  26  26  26  25  25  25  26  25  25  26  26  25  25  26
  26  25  25  25  25  25  25  25  25  25  25  26  26  26  26  25  24  25
  26  25  25  25  25  25  25  25  26  26  25  26  26  26  26  26  26  26
  26  26  26  25  25  25  26  26  26  26  27  27  26  26  26  26  26  25
  26  26  26  26  26  26  26  27  26  25  26  27  27  26  26  26  26  26
  26  26  26  26  26  26  26  26  26  26  26  25  26  26  26  25  26  26
  26  26  26  26  26  26  26  26  26  26  26  26  26  26  26  25  26  26
  26  26  27  27  26  26  26  26  26  26  25  26  26  25  25  26  26  26
  27  27  26  26  27  27  26  26  26  27  27  27  27  26  26  26  26  26
  26  26  26  26  27  27  27  27  27  26  26  26  26  26  26  26  26  26
  26  27  27  26  26  26  26  27  27  26  26  25  25  26  26  26  26  26
  26  26  26  26  26  25  26  26  26  26  26  26  27  27  27  26  26  26
  26  26  26  26  26  26  27  27  27  26  27  27  27  27  27  27  27  27
  26  25  25  26  26  26  26  26  26  26  26  26  26  27  27  27  27  27
  27  27  27  27  26  27  27  27  27  26  26  26  26  26  26  26  26  26
  26  26  26  26  26  27  27  26  27  27  27  27  26  26  26  26  26  25
  26  26  26  25  25  26  27  27  26  26  26  26  26  26  26  26  26  26